A = [1 2 5; -2 11 13; -4 7 3];

x = [1 1 -1]';

bG = A*x


A = [2 1 7 2 ; 1 4 -8 -2; 3 5 -1 0];

x = [0 1 -1 2]';
bK = A*x